Substitution rate (mu): 1.0

Equilibrium frequencies (pi_i):
  A: 0.03
  C: 0.0278
  D: 0.0314
  E: 0.0641
  F: 0.0376
  G: 0.067
  H: 0.02
  I: 0.0981
  K: 0.0765
  L: 0.0735
  M: 0.0089
  N: 0.0735
  P: 0.0449
  Q: 0.0286
  R: 0.0506
  S: 0.0671
  T: 0.0696
  V: 0.0504
  W: 0.0193
  Y: 0.0501
  *: 0.0003
  -: 0.0106

Symmetrized rates from j->i (W_ij):
	A	C	D	E	F	G	H	I	K	L	M	N	P	Q	R	S	T	V	W	Y	*	-
  A	0	0.6398	2.8428	1.9991	0.5065	0.6889	0.7462	0.2332	0.2381	0.2425	2.1933	0.2962	0.9794	0.6377	0.3851	3.0203	8.5067	6.7895	0.9346	0.3739	61.877	1.1184
  C	0.6398	0	0.6976	0.461	0.7804	0.4364	1.0522	0.3403	0.3602	0.3637	3.4179	0.3728	0.5788	0.9653	0.5999	0.3809	0.3546	0.4602	1.4072	0.6299	84.9325	0.9209
  D	2.8428	0.6976	0	4.2409	0.5576	2.7137	0.9547	0.2367	0.2864	0.2643	2.4269	10.6276	0.3907	0.6977	0.4256	0.3351	0.2614	0.5484	1.0208	1.0679	67.8408	0.9257
  E	1.9991	0.461	4.2409	0	0.3785	3.5358	0.4951	0.1674	3.3607	0.1744	1.6855	0.215	0.2494	0.7448	0.4087	0.1638	0.1687	0.5226	0.6787	0.2769	62.9052	1.1024
  F	0.5065	0.7804	0.5576	0.3785	0	0.3223	0.8392	0.7367	0.2936	0.8573	2.8332	0.3036	0.423	0.7879	0.4941	0.8894	0.2861	0.8865	1.1476	1.0315	81.2751	1.1268
  G	0.6889	0.4364	2.7137	3.5358	0.3223	0	0.4362	0.1401	0.1635	0.1501	1.4263	0.1845	0.2175	0.3992	1.9053	1.0586	0.1464	0.2853	0.5831	0.2363	53.7059	0.8994
  H	0.7462	1.0522	0.9547	0.4951	0.8392	0.4362	0	0.3553	0.393	0.679	3.6221	1.9956	1.0066	5.7825	2.2407	0.391	0.3958	0.5197	1.5371	5.2611	81.5747	1.0933
  I	0.2332	0.3403	0.2367	0.1674	0.7367	0.1401	0.3553	0	0.231	1.3891	11.3656	0.2652	0.1811	0.3454	0.5712	0.7119	2.4	7.5552	0.5027	0.2271	58.3209	0.7132
  K	0.2381	0.3602	0.2864	3.3607	0.2936	0.1635	0.393	0.231	0	0.1362	2.8679	2.5428	0.2163	2.0321	9.2335	0.168	1.1133	0.1718	0.5298	0.2151	51.7305	0.8307
  L	0.2425	0.3637	0.2643	0.1744	0.8573	0.1501	0.679	1.3891	0.1362	0	3.929	0.141	0.9164	0.5124	0.2497	0.6027	0.1342	0.8188	0.695	0.2601	51.0347	0.9575
  M	2.1933	3.4179	2.4269	1.6855	2.8332	1.4263	3.6221	11.3656	2.8679	3.929	0	1.3472	1.8546	3.8037	3.9577	1.2215	2.2706	6.9651	4.9884	2.079	122.8408	2.6786
  N	0.2962	0.3728	10.6276	0.215	0.3036	0.1845	1.9956	0.2652	2.5428	0.141	1.3472	0	0.2036	0.4129	0.2568	2.9446	0.7547	0.178	0.5481	0.356	52.6395	0.7217
  P	0.9794	0.5788	0.3907	0.2494	0.423	0.2175	1.0066	0.1811	0.2163	0.9164	1.8546	0.2036	0	0.9494	0.453	5.24	0.6861	0.2562	0.7714	0.3111	59.8449	0.837
  Q	0.6377	0.9653	0.6977	0.7448	0.7879	0.3992	5.7825	0.3454	2.0321	0.5124	3.8037	0.4129	0.9494	0	2.0618	0.4163	0.3559	0.461	1.417	0.5777	86.3295	1.0594
  R	0.3851	0.5999	0.4256	0.4087	0.4941	1.9053	2.2407	0.5712	9.2335	0.2497	3.9577	0.2568	0.453	2.0618	0	0.9771	0.3724	0.2823	0.9716	0.3612	73.4907	0.9203
  S	3.0203	0.3809	0.3351	0.1638	0.8894	1.0586	0.391	0.7119	0.168	0.6027	1.2215	2.9446	5.24	0.4163	0.9771	0	0.9034	0.1857	0.5586	0.6541	45.5645	1.1913
  T	8.5067	0.3546	0.2614	0.1687	0.2861	0.1464	0.3958	2.4	1.1133	0.1342	2.2706	0.7547	0.6861	0.3559	0.3724	0.9034	0	0.2918	0.5205	0.2101	47.8294	0.8807
  V	6.7895	0.4602	0.5484	0.5226	0.8865	0.2853	0.5197	7.5552	0.1718	0.8188	6.9651	0.178	0.2562	0.461	0.2823	0.1857	0.2918	0	0.6746	0.2989	54.7596	0.8045
  W	0.9346	1.4072	1.0208	0.6787	1.1476	0.5831	1.5371	0.5027	0.5298	0.695	4.9884	0.5481	0.7714	1.417	0.9716	0.5586	0.5205	0.6746	0	0.8423	98.0486	1.6206
  Y	0.3739	0.6299	1.0679	0.2769	1.0315	0.2363	5.2611	0.2271	0.2151	0.2601	2.079	0.356	0.3111	0.5777	0.3612	0.6541	0.2101	0.2989	0.8423	0	69.393	1.03
  *	61.877	84.9325	67.8408	62.9052	81.2751	53.7059	81.5747	58.3209	51.7305	51.0347	122.8408	52.6395	59.8449	86.3295	73.4907	45.5645	47.8294	54.7596	98.0486	69.393	0	88.7546
  -	1.1184	0.9209	0.9257	1.1024	1.1268	0.8994	1.0933	0.7132	0.8307	0.9575	2.6786	0.7217	0.837	1.0594	0.9203	1.1913	0.8807	0.8045	1.6206	1.03	88.7546	0

Actual rates from j->i (Q_ij):
	A	C	D	E	F	G	H	I	K	L	M	N	P	Q	R	S	T	V	W	Y	*	-
  A	0	0.0192	0.0852	0.0599	0.0152	0.0207	0.0224	0.007	0.0071	0.0073	0.0658	0.0089	0.0294	0.0191	0.0115	0.0906	0.255	0.2036	0.028	0.0112	1.8551	0.0335
  C	0.0178	0	0.0194	0.0128	0.0217	0.0122	0.0293	0.0095	0.01	0.0101	0.0952	0.0104	0.0161	0.0269	0.0167	0.0106	0.0099	0.0128	0.0392	0.0175	2.3647	0.0256
  D	0.0892	0.0219	0	0.1331	0.0175	0.0852	0.03	0.0074	0.009	0.0083	0.0762	0.3336	0.0123	0.0219	0.0134	0.0105	0.0082	0.0172	0.032	0.0335	2.1295	0.0291
  E	0.1282	0.0296	0.272	0	0.0243	0.2268	0.0318	0.0107	0.2156	0.0112	0.1081	0.0138	0.016	0.0478	0.0262	0.0105	0.0108	0.0335	0.0435	0.0178	4.0352	0.0707
  F	0.019	0.0293	0.0209	0.0142	0	0.0121	0.0315	0.0277	0.011	0.0322	0.1064	0.0114	0.0159	0.0296	0.0186	0.0334	0.0107	0.0333	0.0431	0.0388	3.0535	0.0423
  G	0.0461	0.0292	0.1817	0.2368	0.0216	0	0.0292	0.0094	0.0109	0.0101	0.0955	0.0124	0.0146	0.0267	0.1276	0.0709	0.0098	0.0191	0.039	0.0158	3.5969	0.0602
  H	0.0149	0.0211	0.0191	0.0099	0.0168	0.0087	0	0.0071	0.0079	0.0136	0.0726	0.04	0.0202	0.1158	0.0449	0.0078	0.0079	0.0104	0.0308	0.1054	1.6339	0.0219
  I	0.0229	0.0334	0.0232	0.0164	0.0723	0.0137	0.0349	0	0.0227	0.1363	1.1153	0.026	0.0178	0.0339	0.0561	0.0699	0.2355	0.7414	0.0493	0.0223	5.7228	0.07
  K	0.0182	0.0276	0.0219	0.2572	0.0225	0.0125	0.0301	0.0177	0	0.0104	0.2195	0.1946	0.0165	0.1555	0.7066	0.0129	0.0852	0.0131	0.0405	0.0165	3.9587	0.0636
  L	0.0178	0.0267	0.0194	0.0128	0.063	0.011	0.0499	0.1021	0.01	0	0.2889	0.0104	0.0674	0.0377	0.0184	0.0443	0.0099	0.0602	0.0511	0.0191	3.7527	0.0704
  M	0.0196	0.0305	0.0217	0.015	0.0253	0.0127	0.0323	0.1015	0.0256	0.0351	0	0.012	0.0166	0.034	0.0353	0.0109	0.0203	0.0622	0.0445	0.0186	1.0967	0.0239
  N	0.0218	0.0274	0.7809	0.0158	0.0223	0.0136	0.1466	0.0195	0.1868	0.0104	0.099	0	0.015	0.0303	0.0189	0.2164	0.0555	0.0131	0.0403	0.0262	3.8678	0.053
  P	0.044	0.026	0.0175	0.0112	0.019	0.0098	0.0452	0.0081	0.0097	0.0411	0.0832	0.0091	0	0.0426	0.0203	0.2352	0.0308	0.0115	0.0346	0.014	2.6862	0.0376
  Q	0.0182	0.0276	0.02	0.0213	0.0225	0.0114	0.1655	0.0099	0.0581	0.0147	0.1088	0.0118	0.0272	0	0.059	0.0119	0.0102	0.0132	0.0405	0.0165	2.4702	0.0303
  R	0.0195	0.0304	0.0215	0.0207	0.025	0.0965	0.1134	0.0289	0.4675	0.0126	0.2004	0.013	0.0229	0.1044	0	0.0495	0.0189	0.0143	0.0492	0.0183	3.7208	0.0466
  S	0.2027	0.0256	0.0225	0.011	0.0597	0.071	0.0262	0.0478	0.0113	0.0404	0.082	0.1976	0.3517	0.0279	0.0656	0	0.0606	0.0125	0.0375	0.0439	3.0579	0.08
  T	0.592	0.0247	0.0182	0.0117	0.0199	0.0102	0.0275	0.167	0.0775	0.0093	0.158	0.0525	0.0477	0.0248	0.0259	0.0629	0	0.0203	0.0362	0.0146	3.3284	0.0613
  V	0.3421	0.0232	0.0276	0.0263	0.0447	0.0144	0.0262	0.3807	0.0087	0.0413	0.351	0.009	0.0129	0.0232	0.0142	0.0094	0.0147	0	0.034	0.0151	2.7594	0.0405
  W	0.018	0.0271	0.0197	0.0131	0.0221	0.0112	0.0296	0.0097	0.0102	0.0134	0.0962	0.0106	0.0149	0.0273	0.0187	0.0108	0.01	0.013	0	0.0162	1.8901	0.0312
  Y	0.0188	0.0316	0.0536	0.0139	0.0517	0.0119	0.2638	0.0114	0.0108	0.013	0.1043	0.0179	0.0156	0.029	0.0181	0.0328	0.0105	0.015	0.0422	0	3.48	0.0517
  *	0.0157	0.0215	0.0172	0.0159	0.0206	0.0136	0.0207	0.0148	0.0131	0.0129	0.0311	0.0133	0.0152	0.0219	0.0186	0.0115	0.0121	0.0139	0.0248	0.0176	0	0.0225
  -	0.0118	0.0097	0.0098	0.0117	0.0119	0.0095	0.0116	0.0075	0.0088	0.0101	0.0283	0.0076	0.0089	0.0112	0.0097	0.0126	0.0093	0.0085	0.0171	0.0109	0.9387	0

