Substitution rate (mu): 1.0

Equilibrium frequencies (pi_i):
  A: 0.0308
  C: 0.0278
  D: 0.0316
  E: 0.0656
  F: 0.0375
  G: 0.0651
  H: 0.0196
  I: 0.098
  K: 0.0774
  L: 0.0731
  M: 0.0088
  N: 0.0738
  P: 0.045
  Q: 0.0281
  R: 0.0509
  S: 0.0668
  T: 0.069
  V: 0.0504
  W: 0.0193
  Y: 0.0506
  *: 0.0003
  -: 0.0106

Symmetrized rates from j->i (W_ij):
	A	C	D	E	F	G	H	I	K	L	M	N	P	Q	R	S	T	V	W	Y	*	-
  A	0	0.6322	2.7918	2.0053	0.5011	0.6394	0.7428	0.2312	0.2335	0.2403	2.1896	0.2917	0.9999	0.6371	0.3796	2.9403	8.4836	6.7296	0.9238	0.3677	61.7463	1.1111
  C	0.6322	0	0.6939	0.4541	0.7786	0.4414	1.0575	0.3398	0.3572	0.3637	3.4324	0.3709	0.5765	0.9711	0.5965	0.3809	0.355	0.4592	1.404	0.6255	84.7444	0.9189
  D	2.7918	0.6939	0	4.2232	0.5549	2.7726	0.9576	0.2358	0.2829	0.2637	2.4341	10.2716	0.3877	0.7009	0.4219	0.3341	0.261	0.5453	1.0155	1.0568	67.6944	0.9224
  E	2.0053	0.4541	4.2232	0	0.3733	3.5438	0.4897	0.1655	3.3109	0.1721	1.6737	0.2113	0.245	0.7395	0.3733	0.1614	0.1665	0.514	0.6688	0.2718	62.7771	1.0349
  F	0.5011	0.7786	0.5549	0.3733	0	0.3255	0.8428	0.7355	0.2914	0.8571	2.8439	0.3022	0.4214	0.792	0.4915	0.8891	0.2863	0.8846	1.145	1.0248	81.0946	1.1244
  G	0.6394	0.4414	2.7726	3.5438	0.3255	0	0.4458	0.1413	0.1642	0.1522	1.4488	0.1861	0.2199	0.4069	2.0662	1.075	0.1488	0.2891	0.5895	0.2376	53.5795	0.9515
  H	0.7428	1.0575	0.9576	0.4897	0.8428	0.4458	0	0.3566	0.392	0.6843	3.6631	1.9986	1.0105	6.0818	2.1124	0.3945	0.3998	0.523	1.5445	5.069	81.3911	1.0948
  I	0.2312	0.3398	0.2358	0.1655	0.7355	0.1413	0.3566	0	0.2296	1.4278	11.2769	0.2642	0.1806	0.347	0.5688	0.7238	2.4267	7.5749	0.5018	0.2259	58.201	0.712
  K	0.2335	0.3572	0.2829	3.3109	0.2914	0.1642	0.392	0.2296	0	0.1354	2.9955	2.515	0.2139	1.9592	9.0673	0.1668	1.1071	0.1703	0.5255	0.2124	51.6251	0.8263
  L	0.2403	0.3637	0.2637	0.1721	0.8571	0.1522	0.6843	1.4278	0.1354	0	3.9538	0.1406	0.915	0.5167	0.2488	0.6041	0.1346	0.8365	0.695	0.2588	50.9233	0.9566
  M	2.1896	3.4324	2.4341	1.6737	2.8439	1.4488	3.6631	11.2769	2.9955	3.9538	0	1.3497	1.8611	3.8454	3.9605	1.23	2.2879	7.0011	5.0088	2.0788	122.5573	2.6826
  N	0.2917	0.3709	10.2716	0.2113	0.3022	0.1861	1.9986	0.2642	2.515	0.1406	1.3497	0	0.2021	0.4142	0.2547	2.948	0.7396	0.177	0.5454	0.3526	52.5179	0.719
  P	0.9999	0.5765	0.3877	0.245	0.4214	0.2199	1.0105	0.1806	0.2139	0.915	1.8611	0.2021	0	0.9543	0.4496	5.2296	0.7054	0.255	0.7682	0.3083	59.7107	0.8344
  Q	0.6371	0.9711	0.7009	0.7395	0.792	0.4069	6.0818	0.347	1.9592	0.5167	3.8454	0.4142	0.9543	0	2.126	0.4201	0.3595	0.4643	1.4252	0.5782	86.1324	1.0618
  R	0.3796	0.5965	0.4219	0.3733	0.4915	2.0662	2.1124	0.5688	9.0673	0.2488	3.9605	0.2547	0.4496	2.126	0	0.9941	0.3713	0.2807	0.9662	0.3578	73.3316	0.9166
  S	2.9403	0.3809	0.3341	0.1614	0.8891	1.075	0.3945	0.7238	0.1668	0.6041	1.23	2.948	5.2296	0.4201	0.9941	0	0.9847	0.1857	0.5584	0.6707	45.4713	1.1901
  T	8.4836	0.355	0.261	0.1665	0.2863	0.1488	0.3998	2.4267	1.1071	0.1346	2.2879	0.7396	0.7054	0.3595	0.3713	0.9847	0	0.2751	0.5211	0.2092	47.7192	0.8803
  V	6.7296	0.4592	0.5453	0.514	0.8846	0.2891	0.523	7.5749	0.1703	0.8365	7.0011	0.177	0.255	0.4643	0.2807	0.1857	0.2751	0	0.6731	0.2966	54.6417	0.8028
  W	0.9238	1.404	1.0155	0.6688	1.145	0.5895	1.5445	0.5018	0.5255	0.695	5.0088	0.5454	0.7682	1.4252	0.9662	0.5584	0.5211	0.6731	0	0.8365	97.8297	1.6171
  Y	0.3677	0.6255	1.0568	0.2718	1.0248	0.2376	5.069	0.2259	0.2124	0.2588	2.0788	0.3526	0.3083	0.5782	0.3578	0.6707	0.2092	0.2966	0.8365	0	69.2404	1.0251
  *	61.7463	84.7444	67.6944	62.7771	81.0946	53.5795	81.3911	58.201	51.6251	50.9233	122.5573	52.5179	59.7107	86.1324	73.3316	45.4713	47.7192	54.6417	97.8297	69.2404	0	88.5572
  -	1.1111	0.9189	0.9224	1.0349	1.1244	0.9515	1.0948	0.712	0.8263	0.9566	2.6826	0.719	0.8344	1.0618	0.9166	1.1901	0.8803	0.8028	1.6171	1.0251	88.5572	0

Actual rates from j->i (Q_ij):
	A	C	D	E	F	G	H	I	K	L	M	N	P	Q	R	S	T	V	W	Y	*	-
  A	0	0.0195	0.0859	0.0617	0.0154	0.0197	0.0229	0.0071	0.0072	0.0074	0.0674	0.009	0.0308	0.0196	0.0117	0.0905	0.261	0.2071	0.0284	0.0113	1.9	0.0342
  C	0.0176	0	0.0193	0.0126	0.0217	0.0123	0.0294	0.0095	0.0099	0.0101	0.0955	0.0103	0.016	0.027	0.0166	0.0106	0.0099	0.0128	0.0391	0.0174	2.3579	0.0256
  D	0.0882	0.0219	0	0.1334	0.0175	0.0876	0.0303	0.0075	0.0089	0.0083	0.0769	0.3245	0.0122	0.0221	0.0133	0.0106	0.0082	0.0172	0.0321	0.0334	2.1388	0.0291
  E	0.1316	0.0298	0.2771	0	0.0245	0.2325	0.0321	0.0109	0.2172	0.0113	0.1098	0.0139	0.0161	0.0485	0.0245	0.0106	0.0109	0.0337	0.0439	0.0178	4.1183	0.0679
  F	0.0188	0.0292	0.0208	0.014	0	0.0122	0.0316	0.0276	0.0109	0.0322	0.1068	0.0113	0.0158	0.0297	0.0185	0.0334	0.0107	0.0332	0.043	0.0385	3.0442	0.0422
  G	0.0416	0.0287	0.1804	0.2306	0.0212	0	0.029	0.0092	0.0107	0.0099	0.0943	0.0121	0.0143	0.0265	0.1345	0.07	0.0097	0.0188	0.0384	0.0155	3.4869	0.0619
  H	0.0146	0.0208	0.0188	0.0096	0.0166	0.0088	0	0.007	0.0077	0.0134	0.0719	0.0393	0.0198	0.1195	0.0415	0.0077	0.0079	0.0103	0.0303	0.0996	1.5986	0.0215
  I	0.0227	0.0333	0.0231	0.0162	0.072	0.0138	0.0349	0	0.0225	0.1399	1.1048	0.0259	0.0177	0.034	0.0557	0.0709	0.2377	0.7421	0.0492	0.0221	5.7017	0.0698
  K	0.0181	0.0276	0.0219	0.2563	0.0225	0.0127	0.0303	0.0178	0	0.0105	0.2318	0.1947	0.0166	0.1516	0.7018	0.0129	0.0857	0.0132	0.0407	0.0164	3.9956	0.064
  L	0.0176	0.0266	0.0193	0.0126	0.0627	0.0111	0.0501	0.1044	0.0099	0	0.2892	0.0103	0.0669	0.0378	0.0182	0.0442	0.0098	0.0612	0.0508	0.0189	3.7246	0.07
  M	0.0193	0.0303	0.0215	0.0148	0.0251	0.0128	0.0323	0.0994	0.0264	0.0349	0	0.0119	0.0164	0.0339	0.0349	0.0108	0.0202	0.0617	0.0442	0.0183	1.0806	0.0237
  N	0.0215	0.0274	0.7582	0.0156	0.0223	0.0137	0.1475	0.0195	0.1856	0.0104	0.0996	0	0.0149	0.0306	0.0188	0.2176	0.0546	0.0131	0.0403	0.026	3.8764	0.0531
  P	0.045	0.026	0.0175	0.011	0.019	0.0099	0.0455	0.0081	0.0096	0.0412	0.0838	0.0091	0	0.043	0.0202	0.2355	0.0318	0.0115	0.0346	0.0139	2.6889	0.0376
  Q	0.0179	0.0273	0.0197	0.0208	0.0223	0.0114	0.1711	0.0098	0.0551	0.0145	0.1082	0.0117	0.0268	0	0.0598	0.0118	0.0101	0.0131	0.0401	0.0163	2.4229	0.0299
  R	0.0193	0.0304	0.0215	0.019	0.025	0.1052	0.1075	0.0289	0.4615	0.0127	0.2016	0.013	0.0229	0.1082	0	0.0506	0.0189	0.0143	0.0492	0.0182	3.7321	0.0467
  S	0.1963	0.0254	0.0223	0.0108	0.0593	0.0718	0.0263	0.0483	0.0111	0.0403	0.0821	0.1968	0.3491	0.028	0.0664	0	0.0657	0.0124	0.0373	0.0448	3.0353	0.0794
  T	0.5854	0.0245	0.018	0.0115	0.0198	0.0103	0.0276	0.1675	0.0764	0.0093	0.1579	0.051	0.0487	0.0248	0.0256	0.068	0	0.019	0.036	0.0144	3.2931	0.0607
  V	0.3389	0.0231	0.0275	0.0259	0.0445	0.0146	0.0263	0.3814	0.0086	0.0421	0.3525	0.0089	0.0128	0.0234	0.0141	0.0094	0.0139	0	0.0339	0.0149	2.7513	0.0404
  W	0.0178	0.027	0.0196	0.0129	0.0221	0.0114	0.0298	0.0097	0.0101	0.0134	0.0965	0.0105	0.0148	0.0275	0.0186	0.0108	0.01	0.013	0	0.0161	1.8846	0.0312
  Y	0.0186	0.0316	0.0534	0.0137	0.0518	0.012	0.2563	0.0114	0.0107	0.0131	0.1051	0.0178	0.0156	0.0292	0.0181	0.0339	0.0106	0.015	0.0423	0	3.5005	0.0518
  *	0.0156	0.0214	0.0171	0.0159	0.0205	0.0136	0.0206	0.0147	0.0131	0.0129	0.031	0.0133	0.0151	0.0218	0.0186	0.0115	0.0121	0.0138	0.0248	0.0175	0	0.0224
  -	0.0118	0.0097	0.0098	0.0109	0.0119	0.0101	0.0116	0.0075	0.0087	0.0101	0.0284	0.0076	0.0088	0.0112	0.0097	0.0126	0.0093	0.0085	0.0171	0.0108	0.9366	0

