Substitution rate (mu): 1.0

Equilibrium frequencies (pi_i):
  A: 0.0309
  C: 0.0278
  D: 0.0316
  E: 0.0655
  F: 0.0375
  G: 0.0652
  H: 0.0196
  I: 0.098
  K: 0.0774
  L: 0.0731
  M: 0.0088
  N: 0.0738
  P: 0.0449
  Q: 0.028
  R: 0.0509
  S: 0.0668
  T: 0.0689
  V: 0.0504
  W: 0.0193
  Y: 0.0506
  *: 0.0003
  -: 0.0106

Symmetrized rates from j->i (W_ij):
	A	C	D	E	F	G	H	I	K	L	M	N	P	Q	R	S	T	V	W	Y	*	-
  A	0	0.6311	2.7851	1.9744	0.5003	0.6374	0.7413	0.2309	0.2332	0.2399	2.1865	0.2912	0.9993	0.6379	0.3791	2.9319	8.5464	6.7128	0.9223	0.3671	61.832	1.1099
  C	0.6311	0	0.6936	0.4542	0.7784	0.4408	1.0574	0.3397	0.3572	0.3637	3.4318	0.3708	0.5769	0.9731	0.5963	0.3805	0.3552	0.4589	1.4037	0.6254	84.8624	0.9187
  D	2.7851	0.6936	0	4.2237	0.5546	2.7679	0.9573	0.2357	0.2828	0.2636	2.4332	10.2657	0.388	0.7025	0.4217	0.3336	0.2611	0.5448	1.0151	1.0564	67.7863	0.922
  E	1.9744	0.4542	4.2237	0	0.3734	3.5414	0.4899	0.1655	3.3121	0.1722	1.6741	0.2113	0.2453	0.7412	0.3734	0.1614	0.1666	0.514	0.6689	0.2719	62.8644	1.0349
  F	0.5003	0.7784	0.5546	0.3734	0	0.3251	0.8427	0.7352	0.2913	0.8569	2.8432	0.3021	0.4217	0.7935	0.4914	0.8883	0.2864	0.884	1.1447	1.0245	81.2076	1.1241
  G	0.6374	0.4408	2.7679	3.5414	0.3251	0	0.4452	0.1412	0.164	0.152	1.4473	0.1858	0.2199	0.4074	2.0389	1.0727	0.1487	0.2886	0.5888	0.2373	53.6547	0.9507
  H	0.7413	1.0574	0.9573	0.4899	0.8427	0.4452	0	0.3565	0.3921	0.6843	3.6629	1.9982	1.0118	6.0984	2.1121	0.3942	0.4001	0.5228	1.5445	5.0686	81.5038	1.0946
  I	0.2309	0.3397	0.2357	0.1655	0.7352	0.1412	0.3565	0	0.2295	1.4274	11.2738	0.2641	0.1806	0.3475	0.5686	0.7232	2.4271	7.5705	0.5017	0.2259	58.282	0.7118
  K	0.2332	0.3572	0.2828	3.3121	0.2913	0.164	0.3921	0.2295	0	0.1354	2.9953	2.5146	0.2141	1.9634	9.0658	0.1667	1.1077	0.1702	0.5254	0.2124	51.6964	0.8261
  L	0.2399	0.3637	0.2636	0.1722	0.8569	0.152	0.6843	1.4274	0.1354	0	3.953	0.1405	0.9158	0.5178	0.2487	0.6036	0.1347	0.836	0.6949	0.2587	50.9946	0.9563
  M	2.1865	3.4318	2.4332	1.6741	2.8432	1.4473	3.6629	11.2738	2.9953	3.953	0	1.3493	1.8623	3.8521	3.9595	1.2291	2.2886	6.9976	5.0081	2.0784	122.7281	2.682
  N	0.2912	0.3708	10.2657	0.2113	0.3021	0.1858	1.9982	0.2641	2.5146	0.1405	1.3493	0	0.2023	0.415	0.2546	2.9452	0.7398	0.1769	0.5452	0.3525	52.5926	0.7188
  P	0.9993	0.5769	0.388	0.2453	0.4217	0.2199	1.0118	0.1806	0.2141	0.9158	1.8623	0.2023	0	0.9575	0.4499	5.2117	0.7066	0.2552	0.7689	0.3085	59.7928	0.8346
  Q	0.6379	0.9731	0.7025	0.7412	0.7935	0.4074	6.0984	0.3475	1.9634	0.5178	3.8521	0.415	0.9575	0	2.1905	0.4209	0.3605	0.4653	1.4282	0.5793	86.2541	1.0629
  R	0.3791	0.5963	0.4217	0.3734	0.4914	2.0389	2.1121	0.5686	9.0658	0.2487	3.9595	0.2546	0.4499	2.1905	0	0.9933	0.3714	0.2805	0.966	0.3577	73.4325	0.9163
  S	2.9319	0.3805	0.3336	0.1614	0.8883	1.0727	0.3942	0.7232	0.1667	0.6036	1.2291	2.9452	5.2117	0.4209	0.9933	0	0.9846	0.1855	0.558	0.6702	45.5349	1.1894
  T	8.5464	0.3552	0.2611	0.1666	0.2864	0.1487	0.4001	2.4271	1.1077	0.1347	2.2886	0.7398	0.7066	0.3605	0.3714	0.9846	0	0.2751	0.5213	0.2093	47.7857	0.8803
  V	6.7128	0.4589	0.5448	0.514	0.884	0.2886	0.5228	7.5705	0.1702	0.836	6.9976	0.1769	0.2552	0.4653	0.2805	0.1855	0.2751	0	0.6727	0.2965	54.7176	0.8024
  W	0.9223	1.4037	1.0151	0.6689	1.1447	0.5888	1.5445	0.5017	0.5254	0.6949	5.0081	0.5452	0.7689	1.4282	0.966	0.558	0.5213	0.6727	0	0.8363	97.9661	1.6167
  Y	0.3671	0.6254	1.0564	0.2719	1.0245	0.2373	5.0686	0.2259	0.2124	0.2587	2.0784	0.3525	0.3085	0.5793	0.3577	0.6702	0.2093	0.2965	0.8363	0	69.337	1.0248
  *	61.832	84.8624	67.7863	62.8644	81.2076	53.6547	81.5038	58.282	51.6964	50.9946	122.7281	52.5926	59.7928	86.2541	73.4325	45.5349	47.7857	54.7176	97.9661	69.337	0	88.6807
  -	1.1099	0.9187	0.922	1.0349	1.1241	0.9507	1.0946	0.7118	0.8261	0.9563	2.682	0.7188	0.8346	1.0629	0.9163	1.1894	0.8803	0.8024	1.6167	1.0248	88.6807	0

Actual rates from j->i (Q_ij):
	A	C	D	E	F	G	H	I	K	L	M	N	P	Q	R	S	T	V	W	Y	*	-
  A	0	0.0195	0.0861	0.061	0.0155	0.0197	0.0229	0.0071	0.0072	0.0074	0.0676	0.009	0.0309	0.0197	0.0117	0.0906	0.2641	0.2074	0.0285	0.0113	1.9105	0.0343
  C	0.0176	0	0.0193	0.0126	0.0217	0.0123	0.0294	0.0095	0.0099	0.0101	0.0955	0.0103	0.0161	0.0271	0.0166	0.0106	0.0099	0.0128	0.0391	0.0174	2.3611	0.0256
  D	0.088	0.0219	0	0.1335	0.0175	0.0875	0.0303	0.0075	0.0089	0.0083	0.0769	0.3245	0.0123	0.0222	0.0133	0.0105	0.0083	0.0172	0.0321	0.0334	2.1426	0.0291
  E	0.1294	0.0298	0.2768	0	0.0245	0.2321	0.0321	0.0108	0.2171	0.0113	0.1097	0.0139	0.0161	0.0486	0.0245	0.0106	0.0109	0.0337	0.0438	0.0178	4.1203	0.0678
  F	0.0188	0.0292	0.0208	0.014	0	0.0122	0.0316	0.0276	0.0109	0.0322	0.1067	0.0113	0.0158	0.0298	0.0184	0.0333	0.0108	0.0332	0.043	0.0385	3.0486	0.0422
  G	0.0416	0.0287	0.1805	0.231	0.0212	0	0.029	0.0092	0.0107	0.0099	0.0944	0.0121	0.0143	0.0266	0.133	0.07	0.0097	0.0188	0.0384	0.0155	3.4991	0.062
  H	0.0146	0.0208	0.0188	0.0096	0.0165	0.0087	0	0.007	0.0077	0.0134	0.0719	0.0392	0.0199	0.1197	0.0415	0.0077	0.0079	0.0103	0.0303	0.0995	1.6001	0.0215
  I	0.0226	0.0333	0.0231	0.0162	0.072	0.0138	0.0349	0	0.0225	0.1398	1.1045	0.0259	0.0177	0.034	0.0557	0.0709	0.2378	0.7417	0.0492	0.0221	5.7101	0.0697
  K	0.018	0.0276	0.0219	0.2563	0.0225	0.0127	0.0303	0.0178	0	0.0105	0.2317	0.1946	0.0166	0.1519	0.7014	0.0129	0.0857	0.0132	0.0407	0.0164	3.9998	0.0639
  L	0.0175	0.0266	0.0193	0.0126	0.0627	0.0111	0.05	0.1044	0.0099	0	0.2891	0.0103	0.067	0.0379	0.0182	0.0441	0.0099	0.0611	0.0508	0.0189	3.7296	0.0699
  M	0.0193	0.0303	0.0215	0.0148	0.0251	0.0128	0.0323	0.0994	0.0264	0.0349	0	0.0119	0.0164	0.034	0.0349	0.0108	0.0202	0.0617	0.0442	0.0183	1.082	0.0236
  N	0.0215	0.0274	0.7579	0.0156	0.0223	0.0137	0.1475	0.0195	0.1856	0.0104	0.0996	0	0.0149	0.0306	0.0188	0.2174	0.0546	0.0131	0.0403	0.026	3.8826	0.0531
  P	0.0449	0.0259	0.0174	0.011	0.0189	0.0099	0.0455	0.0081	0.0096	0.0411	0.0837	0.0091	0	0.043	0.0202	0.2341	0.0317	0.0115	0.0345	0.0139	2.686	0.0375
  Q	0.0179	0.0272	0.0197	0.0208	0.0222	0.0114	0.1708	0.0097	0.055	0.0145	0.1079	0.0116	0.0268	0	0.0613	0.0118	0.0101	0.013	0.04	0.0162	2.4154	0.0298
  R	0.0193	0.0303	0.0215	0.019	0.025	0.1038	0.1075	0.0289	0.4614	0.0127	0.2015	0.013	0.0229	0.1115	0	0.0506	0.0189	0.0143	0.0492	0.0182	3.7374	0.0466
  S	0.196	0.0254	0.0223	0.0108	0.0594	0.0717	0.0263	0.0483	0.0111	0.0404	0.0822	0.1969	0.3484	0.0281	0.0664	0	0.0658	0.0124	0.0373	0.0448	3.044	0.0795
  T	0.5889	0.0245	0.018	0.0115	0.0197	0.0102	0.0276	0.1672	0.0763	0.0093	0.1577	0.051	0.0487	0.0248	0.0256	0.0678	0	0.019	0.0359	0.0144	3.2928	0.0607
  V	0.3383	0.0231	0.0275	0.0259	0.0445	0.0145	0.0263	0.3815	0.0086	0.0421	0.3526	0.0089	0.0129	0.0234	0.0141	0.0093	0.0139	0	0.0339	0.0149	2.7574	0.0404
  W	0.0178	0.027	0.0196	0.0129	0.022	0.0113	0.0298	0.0097	0.0101	0.0134	0.0965	0.0105	0.0148	0.0275	0.0186	0.0107	0.01	0.013	0	0.0161	1.8871	0.0311
  Y	0.0186	0.0316	0.0534	0.0137	0.0518	0.012	0.2562	0.0114	0.0107	0.0131	0.1051	0.0178	0.0156	0.0293	0.0181	0.0339	0.0106	0.015	0.0423	0	3.5053	0.0518
  *	0.0156	0.0214	0.0171	0.0159	0.0205	0.0136	0.0206	0.0147	0.0131	0.0129	0.031	0.0133	0.0151	0.0218	0.0186	0.0115	0.0121	0.0138	0.0248	0.0175	0	0.0224
  -	0.0117	0.0097	0.0098	0.0109	0.0119	0.0101	0.0116	0.0075	0.0087	0.0101	0.0284	0.0076	0.0088	0.0112	0.0097	0.0126	0.0093	0.0085	0.0171	0.0108	0.9379	0

